d_loss,gradient_norm
0.7232452034950256,0.30348828
0.15340435506325872,0.20656477
0.042084459379726144,0.069821365
0.07965314398461487,0.00013098809
9.628080904483795,1.1200069
1.300879955291748,1.1655163
0.9686994552612305,1.2828618
0.7804019451141357,1.2802157
0.6101331114768982,1.1660897
0.6663510799407959,1.1135094
0.5250553488731384,1.1244631
0.45069673657525716,0.32742253
7.123025417327881,0.045188934
3.3784520626068115,0.08167383
2.7966246604919434,0.17444138
2.398261308670044,0.33997825
1.4672517776489258,0.6465933
1.1381925344467163,0.8265015
0.8133502006530762,1.0843052
0.6154418587684631,1.251317
0.43828591704368597,1.2882599
0.4371663928039612,1.3657984
0.32658474540221505,0.5559443
8.692809104919434,0.06580951
3.1039540767669678,0.17340967
2.3275253772735596,0.37088907
1.6820553541183472,0.5903845
1.309748888015747,0.9138703
0.821711003780365,1.3329933
0.517777085304984,1.4724025
0.4014252269441956,3.6246464
1.636297807097435,0.7205981
1.3238747119903564,1.0413314
0.8810558319093738,1.47648
0.5824813858492468,1.7108824
0.36790678062243387,5.2233515
3.5962584614753723,0.3304685
1.4608488082885742,0.59175205
1.212180376052889,0.7873407
0.8042442916354178,1.0376165
0.6804470419962265,1.351096
0.3602738947594375,1.1939985
0.2961452261079103,0.014490915
6.783632278442383,0.3796311
1.499907493591309,0.7390554
1.0918629169464111,1.1175343
0.7440288069572312,1.7341288
0.33808201598913,0.04534125
6.515909433364868,0.21812762
2.133930206298828,0.380873
1.798868179321289,0.5641524
1.0628209114076255,0.86622924
0.7748155593977208,1.1694012
0.716908967244823,1.8098375
0.47336877356821105,4.405383
2.87444269657135,0.39736596
1.5438290834426884,0.65736157
1.072054386138916,0.9037647
0.8809620141984276,1.1562173
0.5838862754079059,1.2395358
0.40439701437219355,1.2866151
0.3355203944083769,3.5868187
1.9759414792060852,0.6560228
1.1412882804870987,0.9021944
0.808651507135274,1.1012114
0.6455613376037945,1.6372662
0.2943750317208469,3.2557766
0.6835618764162064,1.0988691
0.5316387173218118,1.4134722
0.3090187394991517,3.087391
0.937526285648346,0.98356783
0.45411741544899087,0.9986404
0.3278014394454658,1.3553876
0.4338816702365875,1.0294112
0.2698722188360989,1.8824304
0.7107003554701805,0.9696238
0.37841698818374425,2.0557504
0.5622907876968384,0.97313696
0.28550392005126923,1.2663447
1.39918452501297,1.507985
2.8544018268585205,0.8381541
0.6999005086429603,1.5005653
0.4209703820943105,0.013639692
5.105995178222656,0.6345063
1.253065080517814,1.1727756
0.8743546134845595,2.0541313
0.4784271892567631,4.8782463
1.7036076784133911,0.88686097
1.1041345614962776,1.1084805
0.7230406564345628,1.4564279
0.4659026736571832,1.4455518
0.3883591899648309,2.2745976
0.35321451909840107,3.2554047
0.9190538823604584,1.4752643
0.40421426529064775,1.6803938
0.3328228183090687,3.1232681
0.8047936260700226,1.2271944
0.40912975976243615,1.359533
0.3594303894788027,2.6911862
0.6012423411011696,1.3480127
0.33028094843029976,2.5640588
0.7133049368858337,1.0239018
0.3558604661375284,1.4633517
0.41579893231391907,1.5401509
0.3950580209493637,1.5879532
0.41311098635196686,1.0696322
0.3500302918255329,1.5690264
1.2321037650108337,3.8830347
1.7402752041816711,1.3748598
0.42218265394330956,0.14137697
2.6373077630996704,1.3830894
0.7239820839167805,3.0522587
0.5028927847743034,4.1283455
1.377335011959076,1.1329657
0.6959315164058353,1.3551731
0.49059657857287675,2.3580017
0.4582628421485424,1.8665833
0.40972862392663956,1.8476926
0.4946301430463791,1.942452
0.48592400550842285,1.7157679
0.42345546931028366,1.8375765
0.5409737974405289,1.4150212
0.3902147710323334,1.8357183
0.5660510510206223,1.2286614
0.3968088310211897,1.7319645
0.6951426416635513,1.6271096
0.4641287922859192,1.1967726
0.47337110340595245,1.4235638
0.6488555818796158,1.6105744
1.167221337556839,0.24541582
2.736478805541992,1.8404299
0.4142931690439582,0.11983586
2.893200635910034,1.4227403
0.7486610292107798,3.171021
0.4937708228826523,3.7142003
0.8800792694091797,1.6924019
0.5293298121541739,2.8113782
0.5016148164868355,2.6616066
0.4936811178922653,2.4649048
0.5150628685951233,2.308618
0.5492822900414467,1.9476641
0.4720831550657749,2.0459177
0.5662796050310135,1.6931834
0.4301004856824875,1.8806022
0.4763607457280159,1.494154
0.5100180804729462,1.6769326
0.6254230365157127,1.565678
0.5740399956703186,1.6831312
0.6464089006185532,1.6723984
0.6407254338264465,1.5237164
0.5506641119718552,1.2649088
0.516948439180851,1.4576824
0.8038596510887146,0.44651854
2.1900177001953125,2.1933413
1.2648317515850067,1.3074658
0.5031118523329496,1.7749547
0.4508923515677452,1.5579443
0.5266490504145622,1.6281731
0.4638485014438629,1.3777592
0.4822024032473564,1.4162909
0.5319232046604156,1.3642782
0.5340001732110977,1.4077281
0.5489658266305923,1.3467879
0.6515237838029861,1.5680779
0.7476416230201721,1.349748
0.6520209759473801,1.2661681
0.9092312455177307,0.57723373
2.0610583424568176,2.3375423
1.1489492058753967,1.6659846
0.5093006193637848,1.7693549
0.5669007897377014,1.7628431
0.5485531985759735,1.5330393
0.5451477915048599,1.5249171
0.6243744939565659,1.4252115
0.5643743574619293,1.3567493
0.6208725571632385,1.3058213
0.5928060412406921,1.3317611
0.6035599708557129,1.409696
0.7037555128335953,1.6208684
1.2727996408939362,1.7082334
1.057323008775711,1.6848725
0.7382735013961792,1.4812593
0.5698557496070862,1.3192728
0.5697622746229172,1.2490399
0.5730879008769989,1.141084
0.6177996248006821,1.1840364
0.566836953163147,1.298812
0.7481414973735809,2.4173784
1.5259800851345062,1.826902
1.4104529321193695,0.63908386
1.7979921102523804,0.76702803
1.6799849271774292,1.9964634
0.620637908577919,1.6644707
0.5736911594867706,1.5085446
0.6029569506645203,1.381816
0.5394660979509354,1.323629
0.6354807913303375,1.3780072
0.6249679625034332,1.2591187
0.6426072120666504,1.1942354
0.6390575766563416,1.1527805
0.6337535232305527,1.1377634
0.7165016084909439,1.1923571
0.8192773461341858,1.1152773
0.7679863274097443,1.1448176
0.7964840233325958,1.1946117
0.8404127955436707,1.3022665
0.8999593555927277,1.3015552
1.1617422997951508,1.1291598
1.463749885559082,1.4457967
1.3015667796134949,2.0481584
0.8251175731420517,1.6180254
0.6504077315330505,1.3646733
0.6469624936580658,1.2188565
0.6941793411970139,1.2719051
0.6882883906364441,1.1688075
0.6948497295379639,1.1142493
0.6748120933771133,1.1807677
0.724927693605423,1.1412805
0.7417693138122559,1.0380958
0.7631668746471405,1.380683
1.2028881758451462,2.1256614
1.8636602461338043,0.9694116
1.362293779850006,1.0512185
1.3294240832328796,1.5870453
0.8352777361869812,1.3667657
0.6986267864704132,1.2201998
0.6982741355895996,1.1701002
0.7392299175262451,1.1084702
0.7309462130069733,0.98986894
0.7271570265293121,0.94435173
0.6944781839847565,1.0881256
0.7396746277809143,0.89409125
0.7447381913661957,0.97886777
0.7300111055374146,1.1381259
0.773272842168808,1.0541266
0.7848382890224457,1.1666498
0.9116758704185486,0.7400935
1.4304702281951904,0.0060563628
3.2679855823516846,0.6757021
1.601563811302185,1.743509
0.7835789918899536,1.6631093
0.7231529355049133,1.4350414
0.741034984588623,1.3589076
0.7352520823478699,1.2636448
0.7093546092510223,1.260436
0.7324947118759155,1.1741786
0.7287624776363373,1.0788425
0.7199816405773163,1.0747246
0.7412316799163818,1.2224561
0.774858832359314,1.0856085
0.7726812958717346,1.3846258
1.0486313104629517,1.2215713
0.9404318332672119,1.4822624
0.9142948985099792,0.8979727
0.8064495027065277,1.0332248
0.7397851347923279,0.9100465
0.7467553615570068,0.785025
0.7431477904319763,0.8823131
0.7513381242752075,0.85849786
0.7738175690174103,0.90379316
0.9224680364131927,2.064457
1.4986727833747864,0.66570634
2.2164224982261658,0.033761032
2.6472195982933044,1.7031687
0.9007520377635956,1.6711779
0.790348470211029,1.4208866
0.7820532321929932,1.2859093
0.7673070132732391,1.1586096
0.7271102666854858,1.076287
0.7461032271385193,1.0071768
0.7418650090694427,0.92604566
0.743988573551178,0.9711445
0.7361971437931061,0.964265
0.756073385477066,0.88836735
0.7774721086025238,0.75742704
0.7579149007797241,0.88189006
0.8649537265300751,1.4886769
1.1918363571166992,1.1287512
1.1657830476760864,1.0330818
1.0667542219161987,0.94911367
0.8220058381557465,0.892939
0.7558310031890869,0.81298846
0.7695999145507812,0.8068767
0.7735746502876282,0.79223686
0.7739757895469666,0.9639943
0.8144619464874268,0.71356153
0.7776047587394714,0.9813849
0.7968324422836304,0.7682184
0.8300905823707581,0.9665718
0.8765628337860107,0.9314148
1.0401843786239624,0.16910921
1.822754591703415,0.1407725
1.8876433372497559,1.3608098
1.018877774477005,1.5179836
0.8096757531166077,1.2720317
0.7741005420684814,1.12819
0.7544286251068115,1.128642
0.7516635656356812,1.0361272
0.740053802728653,0.97499377
0.7441537082195282,0.84609735
0.8134869337081909,1.2555419
0.8757460713386536,1.057582
0.8223485946655273,0.8608747
0.7657407820224762,0.81407386
0.802921712398529,0.8348688
0.8191273510456085,1.0331987
0.870951920747757,1.088981
1.2566762566566467,1.3941212
2.09603750705719,0.6544073
1.7682940363883972,1.3005513
0.8358623087406158,1.2236559
0.775192379951477,1.094739
0.7719614207744598,1.0810573
0.7653043866157532,0.9233515
0.7584054470062256,0.9038101
0.7580126225948334,0.85705984
0.7448908984661102,0.7879638
0.7476671934127808,0.735344
0.7829017341136932,0.9031228
0.8708277642726898,1.6940403
1.4162338972091675,1.210436
1.0312918424606323,1.4617492
0.9647752046585083,0.99097955
0.8141663670539856,0.7190148
0.7628670930862427,0.6919679
0.7587853074073792,0.63936335
0.7404057681560516,0.6092571
0.7508997023105621,0.73331696
0.7841992080211639,0.77576554
0.7823249697685242,0.7600535
0.8010227978229523,0.78371906
0.8585755527019501,0.98013425
1.0556827783584595,0.5171329
1.4657094478607178,0.9341545
1.2361589670181274,1.0900165
0.9937182366847992,1.0754365
0.7842597961425781,0.9079138
0.7695755362510681,0.8618156
0.7569073736667633,0.837748
0.7768136262893677,0.91124433
0.7576793730258942,0.8098613
0.7862259447574615,0.6944913
0.774398535490036,0.8971322
0.7759113311767578,0.5799993
0.77494016289711,0.911188
0.8017880618572235,0.89612144
0.9122169613838196,1.6926603
2.0281437635421753,1.0566708
2.156382203102112,0.47121656
1.6485271453857422,1.6044297
0.802362471818924,1.4495972
0.7903444170951843,1.3665521
0.7730356752872467,1.262726
0.7676443457603455,1.2286869
0.7625638842582703,1.063238
0.72891965508461,1.0119346
0.7396391928195953,0.9010323
0.8965540528297424,1.3961576
0.8600464463233948,0.97059995
0.7704982757568359,0.86944246
0.7191565036773682,0.71593964
0.7262934446334839,0.6306745
0.7443269193172455,0.6258687
0.8354464769363403,1.3161304
1.4333645701408386,1.6207627
1.2435001134872437,1.1620717
0.8730609714984894,0.90741974
0.7761580049991608,0.80025214
0.7076308131217957,0.68030554
0.7409306168556213,0.7960936
0.7885531485080719,0.7763909
0.7407137155532837,0.5881282
0.7424304485321045,0.8246164
0.9011651873588562,1.609382
1.314657747745514,1.5194855
1.1929161548614502,1.3466758
0.8994432389736176,0.74832845
0.7730442583560944,0.75646335
0.7463053464889526,0.6238637
0.7288357317447662,0.589849
0.8251798748970032,1.321569
0.8630138039588928,0.7675364
0.7513255476951599,0.8439796
0.7256236672401428,0.5755958
0.7220264673233032,0.65545684
0.7213687300682068,0.80289465
0.8017003834247589,0.7720324
0.7491993010044098,0.93857473
0.8430809080600739,0.8588005
0.8508019149303436,1.010325
1.4626764953136444,1.7837173
1.2480124235153198,1.4877207
0.9822785258293152,1.1852877
0.7776833176612854,0.9617958
0.6773790121078491,0.8236213
0.6978336870670319,0.728502
0.7004760503768921,0.69125277
0.7357974648475647,0.78947693
0.7157476544380188,0.84813297
0.751977801322937,1.038542
0.8542155623435974,1.1219231
0.884407252073288,1.1772983
0.6600534319877625,0.7714072
0.7228023707866669,0.8245459
0.7811847925186157,1.0434594
0.9893854558467865,0.69119686
1.212451159954071,1.0829947
0.7523111701011658,0.9197635
0.6841490864753723,0.75342935
0.6897163987159729,0.88084334
0.6416797935962677,0.91911834
3.5457078516483307,0.8635089
2.420666217803955,0.8032665
1.1908075213432312,1.5646242
0.7393058836460114,1.5419698
0.6545061469078064,1.4466635
0.7652215361595154,1.2647783
0.6897101700305939,1.1692042
0.5516262650489807,1.3084419
0.7705977857112885,1.1400435
0.755250096321106,1.0157043
0.6054461002349854,0.9636655
0.5326808094978333,0.9540503
0.9102169871330261,1.010785
0.763648509979248,0.9822456
0.6807834506034851,0.85219336
0.5851170420646667,0.7894445
0.6270599663257599,0.70091635
0.678361251950264,0.93508244
0.7619441449642181,1.0955758
0.710006833076477,0.8477519
0.6273285150527954,0.68304646
0.5183857679367065,0.7585308
0.659471184015274,0.7174516
0.5605977475643158,0.7047818
0.5177173018455505,0.61644924
0.6832602322101593,1.310972
1.1633473634719849,1.8709654
1.358963966369629,1.3419571
0.7543415725231171,1.1136733
0.7834224998950958,0.8985126
0.6366213262081146,0.8485802
0.7249109447002411,0.72229034
0.6019314825534821,0.6843767
0.6192943453788757,0.6753743
1.2908648252487183,2.4114838
1.0750289261341095,1.2972175
0.8440662026405334,1.1693459
0.7541272938251495,1.0893236
0.6512683928012848,0.8919255
0.7049212157726288,0.7454402
0.700225442647934,0.89613676
0.5880286693572998,0.8996379
0.5365965366363525,0.6904926
0.7514380216598511,1.5111243
1.0888352394104004,1.0896354
0.9171397089958191,1.0270267
0.7290813028812408,0.9053268
0.6529576182365417,0.7731161
0.5744110941886902,0.75408167
0.6581199765205383,0.62636554
0.4475731700658798,0.67133886
0.820746123790741,1.9620274
1.0126023888587952,1.2924534
0.7970874309539795,1.0981517
0.6426829099655151,0.8124352
0.7192521393299103,0.68221694
0.6566301584243774,0.6877608
0.6072512865066528,0.9568129
0.6742450892925262,0.8460012
0.7923863530158997,1.8992007
1.2344433069229126,1.6096215
0.6171329319477081,1.0802157
0.6548267602920532,1.3027005
0.6652117669582367,1.0652764
0.6283091604709625,0.80962783
0.5951527953147888,0.70325977
0.8084285259246826,1.8785026
0.6602405905723572,1.3869264
0.7188849449157715,1.0182294
0.6277477443218231,0.9442076
0.71369469165802,1.262254
0.7722874581813812,0.96786183
0.5650169253349304,0.7899579
0.6387923359870911,0.97146034
0.6270215511322021,0.9527514
0.751765251159668,0.59791636
0.5518702417612076,1.1667885
0.7650290727615356,1.3159288
0.7332671284675598,1.1218247
0.5344024002552032,0.8429794
1.095096006989479,2.4655707
1.0990761816501617,2.1506317
0.8902302980422974,1.609581
0.731362909078598,1.2626244
0.6592642068862915,1.1829212
0.6332451403141022,1.4446925
0.6931455135345459,1.2073725
0.6289891302585602,1.1377149
0.6337259411811829,0.821568
0.6892900764942169,1.3210654
0.6928859353065491,1.0239408
0.5656280517578125,0.8043693
0.5378312021493912,1.0064843
0.6686603426933289,0.6528785
0.6250389218330383,1.3629448
0.8137609958648682,1.263935
0.773353636264801,1.0614879
0.6785135567188263,1.0850474
0.630235493183136,0.810473
0.6058518290519714,1.6860425
0.7117604613304138,1.3886625
1.1737785935401917,1.6976312
0.7079375982284546,1.507762
0.7437190413475037,1.2092907
0.7091068923473358,1.0233319
0.6109189987182617,1.1332209
0.5833745896816254,0.8208234
0.4438825100660324,0.9790463
0.511695921421051,0.7786604
0.6506608128547668,0.8907467
0.5380955338478088,0.6559024
0.6339470148086548,0.54626435
1.4707889556884766,3.7210104
1.3872397541999817,1.788539
0.834075003862381,1.5994867
0.7478302419185638,1.4617388
0.7027511894702911,1.2063013
0.701856255531311,1.06471
0.5224350392818451,1.0205263
0.8999849110841751,1.8590488
0.7542677521705627,1.5192237
0.7397007346153259,1.5826309
0.5813950896263123,1.184745
0.5474758148193359,1.167545
0.5791750550270081,1.0623888
0.5908552706241608,1.0922564
0.4374189078807831,1.0839274
0.84321528673172,1.7163656
0.7892599701881409,1.7974985
0.7772056758403778,1.4349335
0.7662010192871094,1.4379429
0.5558483302593231,1.125096
0.6653266549110413,0.968251
0.59781613945961,1.663359
0.6630682647228241,1.3609835
0.41686612367630005,1.2559133
0.5177832543849945,1.1149366
0.6826923787593842,0.93353283
0.47648540139198303,0.97480047
0.6021383702754974,0.6515749
0.5177792608737946,0.75792086
0.6311085820198059,0.8623369
0.6261783838272095,0.6620655
0.5666269361972809,0.6767553
0.6634442210197449,0.83223176
0.5879380106925964,0.70098877
0.6100237369537354,0.80570066
0.6194342970848083,0.95543253
0.6590818762779236,1.0481879
0.6773691177368164,1.0741615
0.5347157269716263,0.861785
0.7230382859706879,1.4519795
0.7254776358604431,1.1034578
0.5736140608787537,0.95596915
0.7031330168247223,0.9140248
0.5783954560756683,0.79637116
0.5797765851020813,0.8133113
0.5828635692596436,0.7103307
0.7511388659477234,1.151058
0.6851947605609894,1.1540265
0.6414555013179779,1.2558174
0.6360815465450287,1.0524589
0.5904194712638855,1.0109893
0.6211093068122864,0.6516538
0.7223225831985474,0.9014311
0.6466977894306183,0.8101284
0.6629778146743774,0.73844814
0.7238593101501465,0.89548695
0.686964213848114,1.0636156
0.6979778409004211,0.8810043
0.7415037155151367,0.83282137
0.5805639624595642,1.057266
0.6609636843204498,0.9329139
0.5789753794670105,0.86931705
0.6271159052848816,0.81439453
1.0203660726547241,1.9288117
0.7523606717586517,1.1858224
0.7824578285217285,1.3151969
0.6920113861560822,1.2481095
0.6928696632385254,0.9303249
0.6149292588233948,0.78038615
0.7136824727058411,1.0975974
0.6735851764678955,1.0609726
0.7371005117893219,0.8736955
0.7414129972457886,1.1586678
0.7155389785766602,1.1331605
0.7353955805301666,1.3616272
0.6619118750095367,0.8509095
0.725859671831131,1.395895
0.7704770565032959,1.1371349
0.6983283758163452,1.1705377
0.7732319235801697,0.9775856
0.7373533844947815,1.5732098
0.6763735115528107,0.96765655
0.7263848781585693,1.1869489
0.7836616337299347,1.2301687
0.7351905107498169,1.3051554
0.709345132112503,1.2326051
0.6952695846557617,1.0355045
0.6626149117946625,0.9560859
0.6990728080272675,1.1279871
0.7396417260169983,1.363704
0.727670818567276,1.2717333
0.6648158431053162,1.2584682
0.7347196042537689,1.8922247
0.6944191455841064,1.1619697
0.7266458570957184,1.427179
0.7094343304634094,1.2634035
0.7763397693634033,1.8155127
0.7395110130310059,1.397673
0.7359693944454193,1.6385466
0.7143228650093079,1.4513124
0.7156628668308258,1.6154411
0.8258890211582184,1.8613635
0.7125162184238434,1.7175275
0.7072426080703735,1.1983058
0.6980050206184387,1.7025174
0.7186065316200256,1.1766173
0.7086544632911682,1.207025
0.7384046018123627,1.2235317
0.7033498883247375,1.7132922
0.735527515411377,1.636048
0.7578154504299164,1.5131488
0.7244317531585693,1.3344517
0.7500101923942566,1.3119859
0.7085139751434326,1.3260353
0.7182809114456177,1.3364233
0.7150387763977051,1.5299141
0.7422987818717957,1.0179858
0.7467397451400757,0.95158964
0.7622256875038147,1.3045943
0.6789549291133881,1.0361929
0.6828137040138245,1.0464559
0.7029124200344086,1.2579228
0.732211709022522,1.1538864
0.6944625675678253,1.0669233
0.7098322808742523,1.2208402
0.6940902769565582,1.053779
0.7611701786518097,1.3956833
0.7678002715110779,2.024727
0.7812060117721558,1.4416081
0.746389627456665,1.4689258
0.6874428987503052,1.199431
0.700137734413147,1.1271797
0.6754764318466187,0.9890348
0.6836699545383453,1.1266923
0.696371853351593,1.148906
0.7440710663795471,1.4556812
0.6997486352920532,1.3455138
0.7181884348392487,1.0843773
0.705366849899292,1.1432451
0.7087292671203613,1.0966803
0.712176501750946,1.2784412
0.722713053226471,1.1539701
0.7351182997226715,1.3027402
0.7003521919250488,0.8863941
0.7240043878555298,1.013316
0.7304942905902863,1.2455779
0.7134900093078613,0.9278722
0.7164030969142914,0.7602746
0.6733566522598267,0.6987459
0.737165629863739,1.1936171
0.6573399603366852,0.8954593
0.7154552042484283,1.0945687
0.7186477780342102,0.85608184
0.6159749925136566,0.9401797
0.6873352527618408,0.97108036
0.7259086966514587,1.1154335
0.7362285554409027,0.9353812
0.7261087596416473,1.0515087
0.6752449572086334,0.6938701
0.7083282470703125,0.92051846
0.7938362956047058,1.2475362
0.7270768284797668,0.9948777
0.7039071321487427,1.1291655
0.7138113081455231,1.3392683
0.7763814926147461,1.1573415
0.7213154733181,0.97849137
0.7194525599479675,1.0088106
0.7108219265937805,1.1830952
0.7427853643894196,1.1460079
0.7014112770557404,0.82684046
0.709627777338028,1.0445246
0.7162995934486389,0.960821
0.735660195350647,1.0839015
0.6868986487388611,1.1066586
0.7265938520431519,1.2545435
0.6807661652565002,1.0151453
0.7036408483982086,1.0940245
0.7575060129165649,1.5639406
0.7092588543891907,1.6192381
0.7564443945884705,0.93935543
0.7175269722938538,0.8212331
0.7086598873138428,1.0192256
0.6804430484771729,0.7717434
0.7018563747406006,0.8965999
0.7486452460289001,1.1973476
0.7333525717258453,0.9708168
0.7020071446895599,1.0229628
0.6893755793571472,0.7825432
0.8473990559577942,1.6818421
0.7529002726078033,1.0862451
0.7171560227870941,0.91107684
0.7086024284362793,1.3069148
0.7078855335712433,1.1387504
0.7268624901771545,1.1773821
0.7119649052619934,0.8489424
0.7106907665729523,0.88451105
0.7013134956359863,0.9608968
0.7231437265872955,1.2272195
0.7153263092041016,1.064291
0.7155112028121948,1.0574054
0.7146860957145691,1.2262816
0.7253976166248322,1.2143546
0.7069191336631775,0.9255843
0.7318480014801025,1.0942165
0.6839812397956848,0.7347586
0.7513195276260376,1.2926807
0.716625303030014,1.2286808
0.7136040329933167,1.0735751
0.7409571707248688,1.5611293
0.7221530079841614,1.09548
0.7392615675926208,0.96108156
0.6924495100975037,1.2979395
0.7305597960948944,1.0781091
0.7107513248920441,1.0695568
0.7292783558368683,0.8640791
0.7223803102970123,0.9546433
0.6983121633529663,0.877579
0.7279363572597504,1.1333216
0.7472444176673889,1.2376273
0.6989574432373047,0.79877543
0.7276490926742554,1.2419487
0.704218864440918,1.338591
0.7226346731185913,1.1210968
0.6900348365306854,1.3149744
0.764515221118927,1.1580667
0.7234043478965759,0.9736793
0.7133700251579285,1.1502221
0.7016645967960358,0.87296844
0.7069946527481079,0.8815719
0.7164877951145172,1.1063144
0.7211448848247528,0.99544615
0.7012020349502563,0.9838966
0.7421004474163055,0.77701336
0.7270361185073853,1.0748563
0.7223181128501892,0.89726883
0.6546943783760071,0.93819416
0.7339906096458435,1.0394343
0.7276756465435028,1.0464003
0.7245819866657257,0.9494678
0.7159892916679382,1.0851953
0.6772102415561676,0.8438676
0.714976578950882,1.1088041
0.7162145376205444,0.9252756
0.7146197557449341,1.1664239
0.7296755015850067,1.2237895
0.7097813487052917,1.2353213
0.6994925737380981,1.1174144
0.6856202185153961,0.8543064
0.7272173464298248,1.0977005
0.728399932384491,1.0569766
0.717195451259613,1.1730472
0.7265622019767761,1.001788
0.7118359804153442,0.89849263
0.7393666505813599,1.1058652
0.7402586340904236,1.0515707
0.7058684825897217,1.190846
0.7281826734542847,1.374998
0.7039925456047058,1.0959119
0.7238277494907379,1.0920883
0.7076321840286255,0.93616736
0.7273633778095245,1.1975349
0.7056188583374023,0.90231717
0.6972540020942688,0.80716944
0.6960927248001099,0.878825
0.7094672620296478,0.97613543
0.68901526927948,0.90247864
0.7830462455749512,1.5716548
0.7263730764389038,1.2569618
0.6998508870601654,0.93201566
0.6924654245376587,1.0192055
0.6952663362026215,0.95511895
0.7031698822975159,1.0236717
0.7027615904808044,1.1915535
0.733016848564148,1.0225756
0.7468594908714294,1.0101414
0.7023746967315674,1.1090435
0.6870182156562805,1.0410239
0.7358800768852234,1.1439966
0.7181872129440308,1.2888222
0.6706670522689819,0.92551565
0.7142650783061981,1.064538
0.6799707412719727,0.9257917
0.7226175367832184,0.86069417
0.8821681141853333,1.1757131
0.7135775089263916,1.1518416
0.7164343595504761,1.1453975
0.7001982033252716,1.1733401
0.6904008090496063,0.98749185
0.6915134191513062,0.84542537
0.702961653470993,1.0102036
0.7108077704906464,1.1268946
0.7101495563983917,1.1111797
0.6925132274627686,1.027563
0.7116239964962006,0.90124404
0.6976132392883301,0.9258458
0.6820349991321564,0.7587453
0.7204661965370178,0.89990515
0.7060118615627289,0.8198166
0.6588810086250305,0.67840844
0.6975881159305573,0.59608054
0.8865194320678711,0.9432292
0.7340881824493408,1.1038332
0.7208170592784882,1.1203233
0.7003730535507202,0.90158874
0.6904909610748291,0.79297835
0.685308039188385,0.79268837
0.6496623754501343,0.7073056
0.7593744993209839,0.9276733
0.6808291077613831,0.70519507
0.6730601787567139,0.60814136
0.7010410726070404,0.5903811
0.7065881490707397,0.87422377
0.7378862500190735,1.3074435
0.7180430293083191,0.92890495
0.7100207209587097,0.98313755
0.6698387265205383,0.84850514
0.6554563641548157,0.81956005
0.6726769804954529,0.73058146
0.7750624418258667,1.0737289
0.716763436794281,1.3455437
0.7171022295951843,1.2000452
0.7167665064334869,1.0583316
0.6883552968502045,0.8968234
0.6558626890182495,0.5939213
0.6538260877132416,0.9469707
0.8252666890621185,1.1387669
0.7669525742530823,1.0651163
0.7106839418411255,1.2016166
0.7035046815872192,1.2525429
0.6957101225852966,1.1493081
0.6953556537628174,1.1874162
0.6648398637771606,0.8117066
0.733759194612503,1.2389518
0.7011759877204895,0.82718605
0.7045737206935883,0.9729479
0.7059273421764374,0.9191741
0.7122414708137512,0.9907367
0.7108425498008728,0.7463772
0.6930574476718903,0.8907911
0.7127092480659485,0.80457443
0.6845502853393555,0.80158246
0.7108747661113739,0.9676469
0.8117867112159729,1.6432443
0.7987421452999115,1.1659662
0.6930364370346069,1.068587
0.7166190147399902,1.1270772
0.7013044357299805,1.1083311
0.6707289814949036,0.9405617
0.6675622761249542,0.70141166
0.7745194435119629,0.9971209
0.6905620396137238,1.0599627
0.6950683295726776,1.1585007
0.6885125935077667,1.0407379
0.7016898095607758,0.85220224
0.7044522166252136,0.7370668
0.6981666684150696,1.1432817
0.7135098576545715,1.1690065
0.7013643682003021,1.0223082
0.7177797555923462,1.1633143
0.7123926877975464,0.86156005
0.6988353729248047,0.71934897
0.728364497423172,1.190141
0.6926977336406708,0.9875781
0.6790708005428314,0.76193035
0.7996935248374939,1.2467196
0.7289209961891174,1.1747583
0.7201946377754211,1.1712811
0.7055196464061737,0.7812969
0.6802732944488525,0.7498947
0.6797311902046204,0.6389738
0.7260420918464661,1.0322349
0.6918943524360657,0.7477031
0.7320916950702667,1.0173427
0.7099310159683228,0.90016484
0.7137603163719177,1.0567693
0.7147552073001862,0.86537486
0.6814966201782227,0.5863121
0.7061680257320404,0.79725164
0.6716871857643127,0.9905199
0.8500068783760071,1.0341351
0.6820923089981079,0.84577906
0.6889289319515228,0.9108432
0.7319433689117432,1.051834
0.7256207466125488,1.0019528
0.6839326322078705,0.69879174
0.6951976418495178,0.7337327
0.7050262093544006,0.80044895
0.6681456565856934,0.6183619
0.7494970262050629,0.90976465
0.7161601185798645,0.8160754
0.727885901927948,0.83020264
0.6954492032527924,0.9423389
0.6852064430713654,0.84223825
0.7038331925868988,0.7982255
0.681725800037384,0.711256
0.7134208977222443,0.8063353
0.6706239581108093,0.67724276
0.697859138250351,0.8653843
0.7447539567947388,0.75868386
0.7413580119609833,1.0488956
0.6870437264442444,1.000809
0.6826721727848053,0.864153
0.6634042859077454,1.0118965
0.6946107745170593,0.8937502
0.6979274153709412,0.68860626
0.689832478761673,0.67271346
0.7170509696006775,0.8726279
0.6733208894729614,0.9847452
0.7051848769187927,0.9639443
0.670201450586319,0.71010643
0.671085000038147,1.0489899
1.004646509885788,0.85039425
0.7092300355434418,0.95796174
0.6725660562515259,0.7481207
0.6954355537891388,0.9215564
0.6670789122581482,0.718114
0.6923215389251709,0.83094305
0.6782108545303345,0.9565099
0.687533974647522,0.76548487
0.6591862738132477,0.78785926
0.7122536897659302,1.0119557
0.7152053117752075,0.97091687
0.6589198410511017,0.7814227
0.6895066499710083,0.7792941
0.6546006202697754,0.7286454
0.7040095925331116,0.7792686
0.6888696849346161,0.78271353
0.6657950580120087,0.809446
0.6370127499103546,0.77691114
0.6229125261306763,0.80190367
0.7167043089866638,0.8792563
0.7189921140670776,1.08044
0.6762770712375641,1.1586846
0.7030551433563232,0.82395214
0.6372941434383392,1.0152823
0.6546880602836609,0.7740463
0.6913009583950043,0.784618
0.7182133495807648,1.0001088
0.6706241369247437,0.72758234
0.6715645492076874,0.82078
0.6489439606666565,0.93472517
0.713331937789917,0.90101844
0.6657616496086121,0.9892011
0.7142005264759064,0.8913536
0.6614535450935364,0.7235336
0.6860084533691406,0.90117335
0.6833218932151794,1.2605366
0.6857207119464874,1.0703752
0.6888517737388611,1.0167439
0.7027679681777954,1.099382
0.668764591217041,0.80545515
0.6974497437477112,0.88444334
0.68528813123703,0.82998705
0.6591978669166565,0.612293
0.6583603918552399,0.65888196
0.7088903188705444,1.009585
0.6648770570755005,0.8925641
0.5907340943813324,0.65292
0.6225470006465912,0.7330976
0.6764138638973236,0.6470556
0.6468163132667542,0.6710186
0.667233943939209,0.8330915
0.6458418667316437,0.6559686
0.6506003439426422,0.8454806
0.6361472606658936,0.72046334
0.6906595528125763,0.6649277
0.6802316308021545,0.9656708
0.6226353049278259,0.88641644
0.6949310898780823,0.82041115
0.6197288036346436,0.7857206
0.653082937002182,0.77357095
0.6980517208576202,0.73841304
0.642568826675415,0.7416927
0.6902812123298645,0.9148191
0.7030680775642395,0.7566131
0.6985812187194824,0.7846788
0.6687068939208984,0.745432
0.7108860313892365,1.0046965
0.7119106948375702,0.78922933
0.6717082262039185,1.0953451
0.6835154592990875,0.99693054
0.6638189256191254,0.8836513
0.7104255557060242,0.7557325
0.6806498467922211,0.76065934
0.715357095003128,1.0112187
0.7104749083518982,0.8694433
0.6549577116966248,1.0242699
0.6849172115325928,0.8954323
0.6917767822742462,0.7713795
0.686028778553009,0.83519834
0.6751557886600494,0.8795429
0.6550836265087128,0.9930047
0.7062556147575378,0.92421323
0.6680278778076172,0.8099357
0.7078213691711426,0.92569274
0.6651520133018494,0.6993506
0.6462585926055908,0.8301895
0.6283345222473145,0.88584435
0.6527968645095825,0.8237895
0.6979827880859375,1.0299344
0.7003009617328644,0.98014116
0.680019199848175,0.9592743
0.6935348510742188,0.90770686
0.705469936132431,1.0454643
0.6308252811431885,0.78244156
0.687149167060852,0.7806764
0.6114816665649414,0.8585262
0.7031247615814209,0.79818374
0.6656118929386139,0.73459744
0.702877014875412,0.95011175
0.6828360259532928,0.9438057
0.6762222647666931,0.9541849
0.626375675201416,0.764742
0.7164222002029419,1.109268
0.7110561430454254,0.91702765
0.6352719068527222,0.88823044
0.6791211664676666,0.8237011
0.6772809028625488,0.7695909
0.68232461810112,0.6595804
0.6800536513328552,0.89400905
0.6479251086711884,0.7945336
0.6854841113090515,0.9572001
0.6875278651714325,0.96726376
0.6433705985546112,1.1812693
0.7024819850921631,0.8916649
0.7036128640174866,1.1564184
0.605220228433609,1.0058126
0.6764326691627502,0.937604
0.7121762037277222,0.8404844
0.6942079663276672,0.949551
0.6868131756782532,0.9720662
0.6500850319862366,0.94146943
0.6679498255252838,0.8224269
0.6548630595207214,0.7192716
0.6787488460540771,0.80390084
0.6688691079616547,0.90304375
0.6967259645462036,1.0050229
0.669405609369278,0.6695021
0.7025212049484253,1.0297046
0.7106519341468811,0.86852235
0.7043745815753937,0.8666198
0.6237617433071136,0.8948916
0.6441927552223206,0.8957461
0.6247226297855377,0.92293274
0.6654375791549683,0.8816871
0.6593167185783386,0.8348201
0.6570013463497162,0.980379
0.6443535685539246,0.6871417
0.6903793215751648,0.9114648
0.6467341780662537,0.7132001
0.7076070606708527,0.93902355
0.6893187463283539,0.9847751
0.6718152761459351,0.81784534
0.66496941447258,0.6453832
0.5861169993877411,0.80728054
0.6634053587913513,0.80539066
0.6637504696846008,0.78959525
0.6514674425125122,1.0324407
0.6557546257972717,0.8720909
0.6520878672599792,0.8845769
0.6710555553436279,0.83151484
0.6584973931312561,0.8297684
0.6446694731712341,0.83962154
0.6356651186943054,0.7631687
0.6829922795295715,0.9652297
0.6399214267730713,0.81276417
0.7564962208271027,1.074082
0.7193863391876221,1.0213506
0.6646388173103333,0.96702164
0.6505617797374725,0.9466809
0.7047724723815918,0.9197452
0.6839542984962463,0.8867305
0.663998007774353,0.84829766
0.6056036353111267,0.8723098
0.6664668023586273,1.0149226
0.709621787071228,1.2845523
0.6715419590473175,1.1660541
0.6687581539154053,1.0371631
0.6597078740596771,1.0186455
0.6605322360992432,0.970352
0.6746618747711182,0.9299969
0.6790436208248138,0.98217374
0.6702032089233398,1.0240703
0.6624987125396729,0.9799492
0.7028659880161285,1.1393852
0.650215744972229,1.4294995
0.6566518545150757,0.9535837
0.6055839359760284,1.003499
0.6304297745227814,0.8951093
0.6542572379112244,1.3034205
0.8362239599227905,1.038948
0.6584578156471252,0.9715685
0.6097009778022766,0.9593729
0.6276625394821167,0.9619377
0.6242851614952087,0.8967966
0.6292043328285217,0.8103004
0.7435411810874939,1.4282836
0.7420758903026581,1.2022785
0.6554175019264221,0.92535806
0.6349164545536041,0.8134608
0.6383376121520996,1.5495094
0.7349153161048889,1.0048553
0.6656036972999573,1.0706277
0.6654922962188721,1.0619453
0.6545121073722839,0.8682912
0.6870256662368774,0.88640493
0.6400241851806641,1.1385008
0.6682847738265991,0.95363575
0.6288797557353973,0.9220642
0.6158955693244934,1.2068251
0.7126137614250183,0.9916083
0.7483182847499847,1.5030347
0.6810250878334045,0.8854819
0.6350479423999786,0.9572364
0.6875767409801483,1.0032642
0.6075527667999268,1.0572022
0.6787312626838684,0.91495305
0.6724298000335693,1.0182997
0.734421044588089,0.9371461
0.6557336747646332,0.8093848
0.6730004549026489,1.1000764
0.636720210313797,0.85291773
0.6462347507476807,0.9239349
0.6778287887573242,1.0638686
0.7061120867729187,0.9711181
0.5366335958242416,1.2566507
0.647701233625412,0.98684144
0.6575897634029388,1.0526978
0.6473494172096252,0.9940487
0.6406131982803345,0.8913437
0.6832471489906311,0.7683725
0.6591780185699463,0.9726369
0.6850622892379761,0.9889774
0.6843820810317993,0.83656037
0.6506817638874054,0.85931396
0.7480519711971283,1.6016817
0.8884986042976379,0.9159364
0.6223825514316559,1.1864327
0.6945844888687134,0.90962714
0.634405255317688,0.88827235
0.6730517148971558,1.0151978
0.6581149995326996,1.023302
0.630947470664978,0.96283305
0.6720540821552277,1.0011759
0.6651490032672882,1.1152046
0.6877413988113403,0.8362849
0.5952407419681549,0.8368222
0.6783580482006073,1.4238576
0.7762499451637268,1.020646
0.631703794002533,0.81060886
0.5719943940639496,0.8921043
0.6055811643600464,1.013555
0.6823813021183014,0.9605794
0.6149073839187622,1.4170722
0.5420600175857544,0.81254953
0.6525513827800751,1.0718874
0.6699983477592468,0.9496937
0.6434678137302399,1.2231277
0.7807283997535706,1.2448647
0.761972576379776,0.9551618
0.6266030967235565,0.9065569
0.6613099873065948,1.0054823
0.5930230915546417,1.0130506
0.5955219864845276,1.4071906
0.8523519337177277,0.94141626
0.6842671930789948,0.93514663
0.7174643874168396,0.91611177
0.6684330403804779,1.305778
0.6223693192005157,0.92524284
0.6595086753368378,1.0100377
0.6183382570743561,0.75834924
0.6468826234340668,0.7458313
0.618465393781662,1.0508783
0.7001642286777496,0.9057235
0.6114293336868286,0.8538544
0.5998053848743439,0.81557536
0.5731223225593567,0.8480529
0.6069921851158142,1.2243694
0.6350106596946716,1.7996008
0.7223851084709167,0.87945
0.6630980968475342,0.9539472
0.6428990960121155,0.8492936
0.6152649819850922,0.8655764
0.803373783826828,0.93340075
0.7216111421585083,1.3026825
0.7009609043598175,1.1520066
0.6362198293209076,1.0121319
0.6265173852443695,1.0306525
0.6787044405937195,1.0584426
0.7272473573684692,1.1223494
0.691735029220581,1.1466986
0.6419021785259247,1.0312529
0.6407479047775269,1.6297947
0.7189760506153107,0.9608245
0.6300586462020874,0.7999586
0.6999692022800446,1.1294937
0.5972437113523483,0.9475171
0.648334413766861,1.182917
0.6233665943145752,0.8664529
0.6737275421619415,1.6929111
0.823077380657196,1.0359322
0.7036578953266144,1.2132622
0.6870457231998444,1.2122227
0.5796814262866974,0.9722258
0.6928412020206451,1.0034628
0.6293578445911407,0.96255094
0.6841836273670197,0.971904
0.7267427444458008,1.1549935
0.6845594644546509,1.2053812
0.6761724650859833,1.2557715
0.6687718331813812,0.98926413
0.6696967482566833,0.9084393
0.6832458078861237,1.1512103
0.6305054128170013,0.9954789
0.7196434140205383,1.2258434
0.6966390311717987,1.064705
0.5975561738014221,1.1764945
0.7503069043159485,1.2443799
0.6339168846607208,0.96485406
0.6398392915725708,0.86987597
0.6367842853069305,1.2337768
0.6333590745925903,0.87849516
0.6307421028614044,1.3897978
0.8335070610046387,1.132902
0.6573040783405304,1.1291494
0.6582512855529785,1.1754144
0.6556057929992676,1.0129914
0.6248198747634888,1.2106432
0.7575112581253052,1.1116278
0.7095568478107452,1.3158393
0.6936317682266235,1.1244829
0.6561186909675598,0.9160946
0.6896765232086182,0.9290581
0.6613821387290955,1.070261
0.6537498235702515,0.86708146
0.7055094838142395,1.0008932
0.6457405388355255,0.9999454
0.6861043274402618,1.1753103
0.6685609519481659,1.0639151
0.6695471704006195,1.1225505
0.6643264591693878,1.1160055
0.6565976142883301,1.1665652
0.6167865693569183,1.2020457
0.8548772633075714,1.0650202
0.8548336029052734,1.3833956
0.6743968427181244,1.1808217
0.7218092083930969,1.3506172
0.6439964473247528,1.3242583
0.6547638773918152,1.1350719
0.6005314588546753,1.1931269
0.6723948121070862,1.2619411
0.6531356573104858,1.1187772
0.7117649018764496,1.1633301
0.7262411713600159,1.1481653
0.6985208690166473,0.98435116
0.6849367618560791,1.1893284
0.6425817310810089,1.1861345
0.6944548785686493,0.99860716
0.6715353727340698,1.0995456
0.6583425104618073,1.1328899
0.6944083571434021,1.0585814
0.6755577921867371,1.2367772
0.6756170988082886,1.1066337
0.6990681290626526,1.0595483
0.6795856952667236,1.15815
0.7269240915775299,1.2610847
0.6781392097473145,1.0279498
0.6812604367733002,1.0334035
0.6174591779708862,1.0486819
0.7108983993530273,0.9690258
0.6610574424266815,1.2669876
0.7014934718608856,1.3105032
0.7086340188980103,1.2222445
0.7254601120948792,1.1766882
0.6988373100757599,1.1091869
0.6895696520805359,1.2882148
0.657262921333313,1.2971941
0.7699878513813019,1.0772957
0.6894101798534393,1.2729753
0.7222127020359039,1.1107256
0.6826561987400055,1.2621951
0.6601340174674988,0.84370285
0.6695559918880463,1.0566243
0.631739467382431,0.99626887
0.7184143364429474,1.0907037
0.7388916909694672,1.153137
0.6616508960723877,1.0343121
0.6827079951763153,1.06248
0.6693555116653442,1.0462775
0.6614364385604858,1.0312359
0.7095475494861603,1.0841904
0.6437221169471741,0.96090996
0.681445300579071,1.1059995
0.6652831435203552,1.0876
0.6684770584106445,1.3659002
0.6737217605113983,1.0493159
0.7022944390773773,1.1361945
0.6187672913074493,0.9729543
0.6788437068462372,0.9144209
0.6823257207870483,1.1745772
0.6614201962947845,1.0933334
0.7146967947483063,1.1917881
0.7075833678245544,1.1875697
0.6801249980926514,1.0831316
0.7013164758682251,1.0712415
0.6570196151733398,1.0079551
0.6613322198390961,1.1494442
0.6703594923019409,1.1415716
0.6873706877231598,1.1159877
0.7195137441158295,1.342024
0.7103758454322815,1.0391496
0.6548222899436951,0.9681414
0.7022976577281952,1.0725471
0.6880256533622742,1.0456576
0.7826185822486877,0.86520886
0.6655915975570679,1.203581
0.6733078062534332,1.0819829
0.667722761631012,1.3248696
0.6876181066036224,1.17857
0.6860944032669067,1.2002175
0.7260903716087341,1.1991721
0.6302786767482758,1.129464
0.6953418254852295,1.4334804
0.7042002975940704,1.0728356
0.6725184917449951,1.161173
0.6955242156982422,0.97572714
0.6802327036857605,1.2106669
0.598606526851654,0.99712473
0.6503574252128601,1.0240439
0.6682240664958954,0.9554745
0.6914615333080292,1.092083
0.6771281659603119,1.2639252
0.6760924458503723,1.0796107
0.6801876723766327,1.2959723
0.6457125842571259,0.90624696
0.6645024418830872,0.97591275
0.6525532603263855,0.9428531
0.6375060081481934,1.2652112
0.6284462809562683,0.8555977
0.6850748062133789,1.0276698
0.683232992887497,1.0579549
0.6957160234451294,1.0186503
0.6302146911621094,1.0991626
0.6918013691902161,1.2198408
0.6891269087791443,1.1400826
0.6498951315879822,1.0864552
0.6766104102134705,1.0328505
0.6847734451293945,1.3341268
0.6930880546569824,1.1728921
0.6933195888996124,1.359045
0.6330607831478119,1.2147679
0.7233726978302002,1.1722153
0.6782821416854858,1.18006
0.6885963082313538,0.9157024
0.6788132190704346,1.268065
0.6395642459392548,1.0226319
0.7062127590179443,1.2343416
0.6774744093418121,1.0714065
0.6538316905498505,1.0959061
0.6111406087875366,0.98297185
0.7062667608261108,1.068027
0.5711399912834167,0.8703243
0.7155605554580688,1.1000457
0.7046239376068115,1.2686981
0.6698266565799713,1.1711076
0.6779963970184326,1.2475638
0.7020817995071411,1.0878054
0.6952614188194275,1.3671881
0.6589713096618652,1.041177
0.6942647397518158,1.0656297
0.6352532505989075,0.99058497
0.6925558149814606,1.2614477
0.6873890161514282,1.1315218
0.6680777668952942,1.181549
0.6500061452388763,1.1943847
0.6696425676345825,1.1584091
0.6931975185871124,1.2836063
0.6437561511993408,1.1258422
0.6120531260967255,1.2534229
0.655856192111969,1.0578878
0.6713119447231293,0.9907828
0.6303598582744598,1.1119704
0.6806734800338745,1.1292156
0.6515616774559021,1.0045075
0.7010959386825562,1.3065783
0.7229257524013519,1.2290264
0.6857629716396332,1.2612327
0.6541443765163422,1.0563183
0.665267676115036,1.1449077
0.6258252859115601,1.0621936
0.6453463435173035,1.0479996
0.6398037970066071,1.0458243
0.6815381050109863,1.1444508
0.6900681257247925,0.89346373
0.6388767957687378,0.8418915
0.6831249296665192,0.87110966
0.6614876091480255,0.9512489
0.6813184916973114,1.2202814
0.6360341012477875,0.9856479
0.6267268061637878,1.0785067
0.7062614858150482,1.173397
0.727918267250061,1.0191861
0.6237487196922302,1.1151133
0.64469775557518,1.3707737
0.6578660905361176,1.216955
0.682966023683548,0.9524366
0.708728700876236,1.2217175
0.6432191133499146,1.0178506
0.6246886253356934,0.95950246
0.6498112678527832,0.95729965
0.6453495919704437,1.205978
0.6921771168708801,1.1319898
0.6974304616451263,1.1313635
0.6013699769973755,1.0850573
0.6681497097015381,1.3002559
0.6634580492973328,1.2347906
0.6743077635765076,1.1679168
0.7236508131027222,1.1134126
0.6390576660633087,1.0786012
0.6307426989078522,1.2152576
0.6768515408039093,1.0685116
0.6498798131942749,1.3052218
0.6414222717285156,0.9277264
0.6282957792282104,0.9716195
0.6354400515556335,0.85390157
0.6190551519393921,0.9734257
0.6372045278549194,1.1123105
0.6439583897590637,1.1822207
0.7505061030387878,1.1009078
0.6718069016933441,1.0951382
0.7063598036766052,0.9458388
0.6274574100971222,1.5631193
0.6320449113845825,1.1121266
0.6508854627609253,1.033679
0.6639986634254456,0.91147834
0.6555393934249878,1.0093412
0.6668919622898102,1.2783399
0.6508155763149261,1.0907139
0.6554625630378723,1.1667155
0.6407377123832703,1.0246593
0.7149270474910736,1.259973
0.6734377443790436,1.1635131
0.6722533404827118,1.1007771
0.7039105594158173,1.3339237
0.6623826324939728,1.2446406
0.6565905213356018,1.2305064
0.6617169678211212,1.1641703
0.6648139953613281,1.2948043
0.6469564139842987,1.0309639
0.6511114239692688,1.0907524
0.6488556861877441,1.4980588
0.6528819799423218,1.3416275
0.6800110638141632,1.0228823
0.645469605922699,0.96316075
0.69218710064888,1.306231
0.634301483631134,1.2420548
0.6662365198135376,0.96475375
0.6352587938308716,1.2287011
0.6181334257125854,0.9267348
0.6346431076526642,1.3440758
0.658229649066925,1.3399912
0.6207442581653595,1.4617707
0.6677261888980865,0.99039465
0.6257867813110352,1.0743567
0.6389183104038239,1.0572087
0.6749387979507446,1.1984054
0.7338201701641083,1.2130944
0.6489495038986206,1.2560529
0.6519725322723389,1.126793
0.6028921604156494,1.3110287
0.6289978623390198,1.2622368
0.7096424698829651,1.2782685
0.6376256942749023,1.0301218
0.6830205321311951,1.033191
0.6228626370429993,1.1924239
0.6619335114955902,1.2599212
0.6891053020954132,1.1538529
0.6115173101425171,1.0628308
0.6759377419948578,1.0828989
0.6738139986991882,1.3041073
0.6220624446868896,1.2587186
0.7074967622756958,1.0702015
0.6542267799377441,1.1664038
0.6297555863857269,1.057032
0.6694555282592773,0.99444026
0.6405578553676605,1.1447579
0.6666814982891083,1.3075384
0.6670644879341125,1.1020862
0.6467165052890778,1.1517555
0.5965129733085632,1.21799
0.6451740860939026,1.173778
0.6770798563957214,1.1221762
0.6589065194129944,1.2540562
0.635530561208725,1.1899167
0.5906330943107605,1.234375
0.6831105947494507,1.186596
0.6642795205116272,0.93674535
0.6068183183670044,1.1241381
0.6589725911617279,1.1239238
0.6637950539588928,1.0975785
0.6502654254436493,1.3695722
0.6671732068061829,1.2087059
0.6071689426898956,1.2606447
0.673151433467865,1.5444722
0.7143132984638214,1.221301
0.6413402557373047,1.224343
0.6462993919849396,1.3628602
0.6221590042114258,1.1848421
0.688057005405426,1.2972353
0.6599429547786713,1.1715527
0.6217730641365051,1.3521426
0.6243664026260376,1.3702679
0.6737791299819946,1.2145218
0.6343572735786438,1.2622108
0.6764004528522491,1.0561306
0.6142367720603943,1.4341094
0.6015334129333496,1.3368065
0.6593421101570129,1.2818991
0.6386202871799469,1.2279936
0.6202133595943451,1.3336134
0.6643588840961456,1.1181753
0.5833936929702759,1.2424738
0.7350904643535614,1.2552081
0.6303771436214447,1.0391394
0.5698205828666687,1.1682513
0.6487120091915131,1.1696597
0.645435094833374,1.2327904
0.6665126085281372,1.1729723
0.6365455687046051,1.3379054
0.6665312647819519,1.2824318
0.6626892685890198,1.1238215
0.6112073659896851,1.2948451
0.6505799889564514,1.3278823
0.5829994380474091,1.3279339
0.6089174151420593,1.153454
0.6921591460704803,1.1901553
0.6874340772628784,1.464816
0.6351828873157501,1.2180402
0.6068153381347656,1.628733
0.6199759840965271,1.2980646
0.7127838730812073,1.1721181
0.7242611646652222,1.5138599
0.6774578094482422,1.1260533
0.6166803538799286,1.2461439
0.6752744615077972,1.3507365
0.6652515828609467,1.3690562
0.5963817834854126,1.5979708
0.6609472632408142,1.3019897
0.6353386640548706,1.2797756
0.6687315702438354,1.1632288
0.6174338161945343,1.6598581
0.6607671082019806,1.2691538
0.6486320793628693,1.3101526
0.6776036322116852,1.3717434
0.648662805557251,1.3146893
0.7257469892501831,1.459897
0.6496710181236267,1.2491333
0.7198333740234375,1.2944317
0.65398108959198,1.6603191
0.6321824789047241,1.333379
0.655838668346405,1.5685357
0.6272352933883667,1.8007468
0.6944687068462372,1.3748534
0.6283855438232422,1.3656162
0.690314769744873,1.2432741
0.6001170873641968,1.2656715
0.6669769287109375,1.3366265
0.6836378872394562,1.1955949
0.6281417310237885,1.266943
0.6126495003700256,1.1001498
0.6568986177444458,1.4504879
0.6773422956466675,1.1915306
0.6018998324871063,1.0773886
0.6937443315982819,1.2587454
0.6795816719532013,1.2527841
0.6834947764873505,1.1510377
0.6759472191333771,1.2070501
0.6812220513820648,1.4016508
0.6743766367435455,1.4568228
0.6531567573547363,1.3724818
0.6541622877120972,1.4005463
0.6744419932365417,1.4242797
0.6042919456958771,1.4806552
0.6840804219245911,1.3512876
0.6662402749061584,1.4765284
0.6534633040428162,1.2706124
0.6023363173007965,1.3891114
0.6406994760036469,1.2201811
0.6701875329017639,1.4863248
0.6527677774429321,1.2851498
0.6269592940807343,1.5507478
0.6397390067577362,1.3563616
0.6564800441265106,1.2385918
0.667071133852005,1.0074475
0.6654793918132782,1.0482179
0.7053033709526062,1.2760397
0.6622866690158844,1.3129175
0.6634323000907898,1.3823392
0.7307867705821991,1.5537919
0.6666246354579926,1.5090469
0.6427856981754303,1.2388991
0.6843776106834412,1.3693987
0.6577217876911163,1.252824
0.650410383939743,1.5214487
0.6845130324363708,1.5489532
0.5903788506984711,1.3932935
0.6649848520755768,1.1779178
0.6571997702121735,1.1279284
0.6548049449920654,1.2197261
0.6412071585655212,1.3880293
0.6106788516044617,1.2768319
0.6905883252620697,1.2691553
0.6407026648521423,1.364846
0.6802942156791687,1.230966
0.659639984369278,1.1996216
0.6505312025547028,1.4836634
0.6542990207672119,1.2154287
0.6742736399173737,1.479792
0.5914652347564697,1.6682822
0.6876955628395081,1.3769157
0.6551165282726288,1.1538491
0.6170567274093628,1.258498
0.5475818812847137,1.237304
0.6638515591621399,1.1979603
0.680027425289154,1.30599
0.7169078290462494,1.2863696
0.6784156262874603,1.2747462
0.6625165641307831,1.2973306
0.6564721763134003,1.6293043
0.6236513555049896,1.4129996
0.651694267988205,1.1894579
0.6252685785293579,1.3507041
0.6079950332641602,1.5056776
0.7610278427600861,1.2827382
0.6141074597835541,1.357578
0.6471153497695923,1.3001432
0.6524718701839447,1.292045
0.6845930218696594,1.2461714
0.6745961904525757,1.3172567
0.6877336502075195,1.2532716
0.6675972640514374,1.249784
0.6011256575584412,1.3013605
0.5928290784358978,1.3984525
0.6629109084606171,1.219099
0.6563094258308411,1.6322396
0.6556059420108795,1.4016802
0.6884111166000366,1.451775
0.6123698949813843,1.1091177
0.6815500259399414,1.3341335
0.6240665018558502,1.5656646
0.6499407291412354,1.347171
0.6466208696365356,1.6310049
0.6883593797683716,1.510945
0.6563813090324402,1.2582656
0.6858689785003662,1.2277402
0.6502569615840912,1.3935248
0.6804988086223602,1.544317
0.6498118340969086,1.234222
0.6729893684387207,1.3402895
0.6832782328128815,1.3487179
0.6277015209197998,1.3969495
0.6775867640972137,1.4438109
0.5874508023262024,1.4619895
0.7025896608829498,1.0674844
0.6274809539318085,1.3093634
0.6610423028469086,1.452557
0.6338451504707336,1.3425721
0.6067035496234894,1.2469356
0.6329790949821472,1.1451412
0.6172643303871155,1.32806
0.6809766888618469,1.3025515
0.6547388732433319,1.1850743
0.6461441516876221,1.4817183
0.6548366248607635,1.3180532
0.6751688420772552,1.2720921
0.6609313488006592,1.341899
0.6696703135967255,1.4148782
0.6522150039672852,1.2281343
0.6281765103340149,1.4625571
0.6722841262817383,1.5263253
0.6373042464256287,1.7748408
0.598653107881546,1.1267545
0.6809645295143127,1.3887229
0.6816002428531647,1.3209071
0.6385833323001862,1.3469857
0.6332899630069733,1.4292122
0.7303356528282166,1.220665
0.6363460123538971,1.396415
0.6353311538696289,1.5831767
0.6729521453380585,1.3921758
0.6287729740142822,1.2904575
0.7032541632652283,1.5164475
0.6540333330631256,1.4864043
0.654565691947937,1.4107077
0.6682380139827728,1.5105348
0.6485308408737183,1.31464
0.6378048658370972,1.853964
0.677516520023346,1.3549832
0.6366634368896484,1.6983565
0.6243334412574768,1.314053
0.6421962678432465,1.3734596
0.6102873086929321,1.5165539
0.6739194989204407,1.6219437
0.6453660130500793,1.4406002
0.6911901533603668,1.1935637
0.6359803676605225,1.3094242
0.591035395860672,1.3005686
0.6155164837837219,1.3389031
0.7080984115600586,1.0987037
0.6941854953765869,1.2709758
0.6092655658721924,1.2562039
0.7218274176120758,1.7440172
0.6677719950675964,1.3442833
0.6460165679454803,1.4205159
0.6439278721809387,1.4625258
0.6722769737243652,1.5979344
0.6973668932914734,1.4831644
0.6162238121032715,1.24148
0.597432553768158,1.1597259
0.6060056090354919,1.3386713
0.6630016565322876,1.4377512
0.6406924426555634,1.452795
0.633531779050827,1.6904259
0.6855556666851044,1.4333729
0.6626556813716888,1.5100344
0.646790623664856,1.6536429
0.6545686721801758,1.7059773
0.6613408923149109,1.4784503
0.6567804217338562,1.5743529
0.7400123178958893,1.6863406
0.6792921423912048,1.299444
0.6400502920150757,1.5812123
0.6228702068328857,1.5504556
0.6131064891815186,1.36311
0.6504833698272705,1.1892565
0.6556903719902039,1.4389752
0.6884948015213013,1.4189699
0.654811680316925,1.8534913
0.6217705607414246,1.2767972
0.634134978055954,1.2145168
0.6629599630832672,1.4552536
0.6265868544578552,1.2446346
0.6730969548225403,1.175816
0.6407987475395203,1.2175993
0.6881150305271149,1.3885096
0.6367331445217133,1.2064965
0.708251953125,1.5428766
0.7095685005187988,1.3782369
0.6707976758480072,1.5676074
0.6564062535762787,1.3123623
0.6876884996891022,1.5086402
0.639083206653595,1.3974103
0.7044044435024261,1.2523838
0.6220701336860657,1.2696507
0.6275354325771332,1.2819747
0.6175738275051117,1.4609936
0.5947403609752655,1.2882656
0.6784545183181763,1.2767621
0.6475187242031097,1.526256
0.6635779142379761,1.4301418
0.6151880621910095,1.2687795
0.704805999994278,1.2033527
0.65215665102005,1.4797815
0.6377969086170197,1.2292122
0.6912522614002228,1.4528393
0.6839928328990936,1.5345916
0.5736342370510101,1.7876145
0.6474539637565613,1.446447
0.7253205180168152,1.4043506
0.6239616572856903,1.1377077
0.6587729454040527,1.3045107
0.6609602868556976,1.4164419
0.6295865774154663,1.2772089
0.6742569804191589,1.3270744
0.6105561852455139,1.4121023
0.6311943233013153,1.4217461
0.6182909607887268,1.535703
0.6995494365692139,1.237114
0.6500691771507263,1.6059577
0.6569643020629883,1.4323102
0.6643103957176208,1.3986613
0.6590654850006104,1.2651542
0.5584545731544495,1.220066
0.6510742008686066,1.1842848
0.63556107878685,1.7461437
0.6303069889545441,1.0806873
0.6465405821800232,1.1186858
0.6191049218177795,1.3818855
0.6486734449863434,1.8535933
0.6171659231185913,1.2607785
0.693090945482254,1.2108936
0.6499868631362915,1.2704444
0.6325192451477051,1.4391494
0.6396419703960419,1.192179
0.7112776041030884,1.2117742
0.6087289750576019,1.3920475
0.6510615944862366,1.4502174
0.7776854038238525,1.5484015
0.6730469465255737,1.5741879
0.6310831904411316,1.3418174
0.6495054364204407,1.2567656
0.6511189639568329,1.3162491
0.6089608669281006,1.4613823
0.6894590854644775,1.1291597
0.708293616771698,1.2161663
0.6258094608783722,1.1024569
0.6753847301006317,1.4718155
0.684655636548996,1.1960688
0.613707035779953,1.2781934
0.6512167155742645,1.150467
0.6918005049228668,1.3201822
0.6914761662483215,1.263484
0.676557183265686,1.1916676
0.6404587924480438,1.4796877
0.657087504863739,1.2861462
0.6968918442726135,1.3149558
0.625116378068924,1.2332861
0.5661237239837646,1.2232934
0.6427654922008514,1.2859312
0.7022835910320282,1.3724113
0.6870681345462799,1.2362357
0.6813056170940399,1.5244497
0.6595472097396851,1.2867789
0.6560235023498535,1.5073215
0.6572773456573486,1.3884937
0.6145815849304199,1.3227196
0.6077845692634583,1.0453736
0.6506983935832977,1.3815862
0.6115979254245758,1.2187076
0.6746472120285034,1.3367312
0.5694281458854675,1.2299672
0.6012524366378784,1.0617212
0.6032307744026184,1.1376134
0.6501891016960144,1.1619794
0.6590196490287781,1.4109044
0.599533200263977,1.3445503
0.5217121839523315,1.1620368
0.6012775599956512,1.1378776
0.6503257155418396,1.1701399
0.6409358978271484,1.1882102
0.7694066762924194,1.5693269
0.6674306392669678,1.4508259
0.6355383992195129,1.31633
0.6000045537948608,1.1344836
0.6320630609989166,1.1463635
0.603634387254715,1.3785119
0.6158673167228699,1.6795971
0.6564106643199921,1.3358575
0.5835346579551697,1.3794287
0.7130896747112274,1.210436
0.5757209360599518,1.2890846
0.6819727420806885,1.3272938
0.6493056416511536,1.2739694
0.6807523667812347,1.4049969
0.6066010594367981,1.312977
0.6464855670928955,1.4224368
0.5955006182193756,1.4258602
0.612768143415451,1.2693398
0.6271076500415802,1.3821433
0.6889376044273376,1.3694328
0.6047518253326416,1.581091
0.6629287600517273,1.3941021
0.6596556901931763,1.4274589
0.5917987823486328,1.337679
0.6967459619045258,1.4136854
0.6189728379249573,1.5382732
0.5744175016880035,1.4381622
0.6043417155742645,1.6205937
0.6417933702468872,1.2560513
0.5445349514484406,1.0372276
0.6275312602519989,1.3348039
0.5948412120342255,1.3546349
0.6003263592720032,1.2339523
0.5842969119548798,1.2381438
0.6282636523246765,1.4317029
0.5808112919330597,1.4465547
0.5968619585037231,1.3419722
0.6993350684642792,1.3125958
0.6519132554531097,1.52158
0.6445338428020477,1.4916065
0.6774724721908569,1.5065488
0.7149527072906494,1.4577309
0.6450071632862091,1.2909013
0.6542685329914093,1.422643
0.5650635361671448,1.417097
0.6177819669246674,1.3767769
0.6914172172546387,1.414719
0.625946581363678,1.5130565
0.6187202334403992,1.3507261
0.5989413559436798,1.2863278
0.7094637155532837,1.4187125
0.6454977989196777,1.1934704
0.6405407786369324,1.392182
0.6394096612930298,1.5545686
0.5578557550907135,1.1504872
0.6431204080581665,1.2946352
0.6592393815517426,1.241466
0.6211576461791992,1.2499661
0.5484626591205597,1.4494414
0.6184952855110168,1.2040526
0.611126184463501,1.3616643
0.6081828474998474,1.7165681
0.6074376702308655,1.4265329
0.6150539517402649,1.2835524
0.6296341419219971,1.1363297
0.6228995025157928,1.2726285
0.7057808041572571,1.403444
0.6813572943210602,1.3829912
0.5844811201095581,1.7120978
0.6227476596832275,1.3275721
0.6517367959022522,1.5308822
0.5919886231422424,1.276599
0.6278555989265442,1.4096828
0.6140517890453339,1.372067
0.6850418150424957,1.2481753
0.670997679233551,1.4656062
0.6441927254199982,1.193239
0.5960163176059723,1.2410618
0.6063022911548615,1.2868168
0.5620436370372772,1.6942948
0.6143467128276825,1.232955
0.6623035073280334,1.3370512
0.6586528718471527,1.2833397
0.635341227054596,1.1994288
0.5864711701869965,1.1671124
0.5949498116970062,1.0716171
0.6425439119338989,1.2431576
0.6505280435085297,1.3507088
0.6343059539794922,1.4934108
0.6398117542266846,1.2614285
0.6490151882171631,1.3776122
0.6552345156669617,1.3765382
0.63094362616539,1.4259531
0.6244990825653076,1.3302552
0.5985265076160431,1.1701369
0.617527037858963,1.3682003
0.6853804588317871,1.4296211
0.6363145411014557,1.4982921
0.6366364657878876,1.5473976
0.6056908369064331,1.3917495
0.583934873342514,1.377239
0.6199741065502167,1.3790241
0.6220393478870392,1.4853765
0.6442895531654358,1.4806306
0.6293262541294098,1.435023
0.6327768564224243,1.4803504
0.593650758266449,1.2873532
0.6143273413181305,1.3031024
0.7181994616985321,1.369257
0.7224850654602051,1.4716022
0.6177378594875336,1.5737933
0.6495213508605957,1.4879724
0.619277834892273,1.2149853
0.6373069286346436,1.346018
0.6118757426738739,1.4324346
0.620815247297287,1.3358935
0.6547176837921143,1.4516873
0.652308851480484,1.3129531
0.5999463200569153,1.4322047
0.7372709214687347,1.4672338
0.5832042098045349,1.4565215
0.61525559425354,1.6156592
0.6228735148906708,1.4189
0.6342666745185852,1.3192358
0.6373834013938904,1.5947765
0.6045903265476227,1.3246576
0.6528764367103577,1.4781833
0.5695068538188934,1.222759
0.6567319929599762,1.2516458
0.6020908653736115,1.3297788
0.6387303471565247,1.1872123
0.6484662592411041,1.4736654
0.7342068552970886,1.5407617
0.669971227645874,1.4351133
0.6520249545574188,1.3371998
0.6354621648788452,1.4594696
0.6473235487937927,1.3074776
0.7221785187721252,1.3718598
0.613711953163147,1.3802992
0.6983323693275452,1.3685498
0.6129370927810669,1.4172868
0.6101011037826538,1.5933071
0.5898666679859161,1.470572
0.6629529893398285,1.4093137
0.6372984349727631,1.4233636
0.6024710834026337,1.2070067
0.6032808125019073,1.2118325
0.5732351243495941,1.2693728
0.6394096612930298,1.1837643
0.5751484632492065,1.3784796
0.6605933010578156,1.4821728
0.6098397076129913,1.3434548
0.6491108238697052,1.4122214
0.570912629365921,1.3915697
0.5819850265979767,1.2652102
0.6538071036338806,1.5404665
0.5875449776649475,1.3275493
0.5618330538272858,1.30897
0.6639199256896973,1.5397514
0.5687495470046997,1.3880825
0.7150722742080688,1.31139
0.6476004719734192,1.3229015
0.6585779190063477,1.5042949
0.6287537515163422,1.1861212
0.5448563098907471,1.2876612
0.6469931900501251,1.2981954
0.5722837150096893,1.2319808
0.5465762913227081,1.3457462
0.6332650184631348,1.3145838
0.5830702185630798,1.3813754
0.6420708894729614,1.6022968
0.7153811156749725,1.3641057
0.6131729483604431,1.3110172
0.6272648274898529,1.4828786
0.6052479147911072,1.3738933
0.6651230752468109,1.6479698
0.6477059125900269,1.3738571
0.6339150965213776,1.2432846
0.6035858392715454,1.3858488
0.5759677290916443,1.3936936
0.70347461104393,1.2404028
0.6252423226833344,1.473471
0.647018700838089,1.6419432
0.6038045585155487,1.3062421
0.5905102789402008,1.4965826
0.6891752481460571,1.3711936
0.5795933306217194,1.3862703
0.6105420291423798,1.2562302
0.6410204172134399,1.6257998
0.5810295343399048,1.4743024
0.6593343019485474,1.4675823
0.636084109544754,1.5314654
0.6009945273399353,1.611395
0.578729510307312,1.4314189
0.6300930976867676,1.8382523
0.5832083821296692,1.7477677
0.5909269750118256,1.5596944
0.6190195083618164,1.4486458
0.5789739787578583,1.3544265
0.6258185505867004,1.3532943
0.6110738813877106,1.2341205
0.6477985978126526,1.4375314
0.6738739013671875,1.5325156
0.607467383146286,1.4345944
0.6640889942646027,1.4754655
0.5943242311477661,1.4359221
0.5989308059215546,1.3646744
0.6326755881309509,1.2792765
0.6025402247905731,1.347444
0.6331340074539185,1.5384384
0.529032289981842,1.5620111
0.6369844377040863,1.784759
0.605404257774353,1.3396726
0.6370824873447418,1.5964819
0.5896241068840027,1.564763
0.6605055332183838,1.6125023
0.6260333061218262,1.5443156
0.5862564444541931,1.4705275
0.6219894587993622,1.6537204
0.649409145116806,1.750828
0.6524555087089539,1.4064949
0.63538658618927,1.5027243
0.6265364289283752,1.3442761
0.5633819401264191,1.4892886
0.6428947448730469,1.4217682
0.5625211298465729,1.3530531
0.6628292798995972,1.6181031
0.5792891681194305,1.4066012
0.5920397639274597,1.3517321
0.6433188617229462,1.3568472
0.6330041289329529,1.4306986
0.628917396068573,1.6320274
0.574965626001358,1.586769
0.6317769289016724,1.4073706
0.6601038575172424,1.4561428
0.6306715309619904,1.2802233
0.6176835298538208,1.4412696
0.6437509059906006,1.4246573
0.6069037616252899,1.4906975
0.5416281223297119,1.3609321
0.6605926752090454,1.7878542
0.5875385403633118,1.3936106
0.5651269406080246,1.8214264
0.6421955227851868,1.3835053
0.6096471548080444,1.267528
0.631659984588623,1.5766938
0.62736377120018,1.4702692
0.6628935635089874,1.376008
0.5778173506259918,1.3476541
0.6371304392814636,1.3718165
0.6448214054107666,1.5312506
0.6152055859565735,1.7765778
0.6270825564861298,1.5718964
0.5831405222415924,1.7331489
0.6352982521057129,1.4498048
0.7014375925064087,1.5080233
0.6152496337890625,1.3546609
0.5797770023345947,1.583366
0.5585264265537262,1.4022882
0.592763751745224,1.6020366
0.617692232131958,1.5107701
0.6457056403160095,1.4147044
0.6129912436008453,1.5069456
0.6684178709983826,1.6937995
0.6198805570602417,1.4659089
0.523731142282486,1.6691377
0.635322093963623,1.5530206
0.5673779249191284,1.5927682
0.587343692779541,2.1328847
0.6453676223754883,1.7064388
0.5930494070053101,1.5649024
0.6125559210777283,1.6042706
0.6086033880710602,1.5186521
0.6319266557693481,1.5654415
0.6819851398468018,1.4527993
0.6401041448116302,1.401698
0.5772369801998138,1.5385526
0.6600696444511414,1.6766604
0.5812759399414062,1.4316334
0.6186913847923279,1.4717182
0.6322469711303711,1.4737499
0.6078056693077087,1.61482
0.6207270920276642,1.4176189
0.6279140710830688,1.3830925
0.5859871208667755,1.4677094
0.6495484709739685,1.42298
0.6166272461414337,1.4601738
0.5802923738956451,1.4382552
0.6394681930541992,1.4271476
0.6216846108436584,1.436139
0.5512776076793671,1.5407196
0.5197614133358002,1.3323947
0.6324318647384644,1.443457
0.5722353160381317,1.3212498
0.6392180025577545,1.6238688
0.7028522491455078,1.3610779
0.591646134853363,1.3886925
0.5550026297569275,1.5149657
0.541052371263504,1.41572
0.5665882229804993,1.7999585
0.6195871531963348,1.461494
0.625877171754837,1.5756999
0.561970978975296,1.4764215
0.6466450095176697,1.416091
0.6266348361968994,1.3933338
0.5994265973567963,1.3368317
0.586908608675003,1.5111985
0.5683658123016357,1.3235656
0.5636016428470612,1.5348495
0.4990771859884262,1.532406
0.5438550412654877,1.5735213
0.5569334328174591,1.4748814
0.5377911329269409,1.2885906
0.6471982598304749,1.5220808
0.6515229940414429,1.4543909
0.6326588690280914,1.4734837
0.5728108584880829,1.3045415
0.678995817899704,1.5895364
0.6420090794563293,1.3898562
0.6055916845798492,1.335079
0.6176276504993439,1.3458865
0.6291993856430054,1.3057828
0.6315129399299622,1.5207841
0.611915647983551,1.520484
0.5967680215835571,1.5448364
0.6243881285190582,1.5561101
0.5929551720619202,1.5542803
0.617830753326416,1.4115614
0.6512046456336975,1.514348
0.5612163245677948,1.297736
0.657745897769928,1.3779886
0.658799022436142,1.333884
0.6799600422382355,1.3949847
0.5424226224422455,1.4182547
0.6795337200164795,1.32533
0.6262967586517334,1.2371576
0.572533130645752,1.435089
0.6661573648452759,1.4210044
